# m2, rooms, floor, state (0 - for renovation, 1 - developer, 2 - normal, 3 - high) -> price [PLN]
40	1	2	3	430.000
84	3	3	0	785.000
25	1	3	2	290.000
125	3	10	2	1990.000
81	3	6	1	780.000
90	3	4	3	1190.000
46	3	2	3	480.000
77	3	4	3	749.900
54	2	3	3	699.300
56	3	1	2	559.000
38	2	7	2	359.000
38	1	2	2	437.000
125	4	3	0	1250.000
95	3	7	2	1170.000
55	2	3	2	660.000
85	3	0	2	1700.000
47	3	2	2	480.000
43	2	1	3	469.000
45	2	18	2	442.862
37	2	7	2	340.000
55	2	3	2	660.000
75	3	10	2	562.500
55	3	1	1	549.000
38	1	10	2	329.000
34	1	4	0	330.000
44	2	0	2	550.000
48	2	8	2	500.000
37	2	8	2	530.000
